111111111111111111111111111111
111111111111111111111111111111
111111111111111111111111111111
1                            1
142                          1
1  111 1   1 1111 111 1   1  1
1  1   11  1 1    1   11 11  1
1  1   1   1 1    1   11 11  1
1  111 1 1 1 1111 111 1   1  1
1  1   1   1    1 1   1 1 1  1
1  1   1  11    1 1   1   1  1
1  111 1   1 1111 111 1   1  1
1                          571
1                            1
111111111111111111111111111111
111111111111111111111111111111
111111111111111111111111111111
111111111111111111111111111111
111111111111111111111111111111
111111111111111111111111111111
