11111111111111111111111111111
142      1                  1
1            1              1
1  1                 1      1
1            1              1
1      1                    1
1                   1       1
1         1 1               1
1       1  8  1        8    1
1       1  8  1             1
1         1 1       1       1
1                           1
1   1      1                1
1                           1
1   1                   1   1
1              1            1
1                   1       1
1   8    1                  1
1                         571
11111111111111111111111111111
