111111111111111111111111111111
142                          1
1                            1
1                            1
1                            1
1                            1
1                            1
1                            1
1                            1
1                            1
1                            1
1                            1
1                            1
1                            1
1                            1
1                            1
1                            1
1                            1
1                          571
111111111111111111111111111111
