111111111111111111111111111111
111111111111111111111111111111
111111111111111111111111111111
111111111111111111111111111111
111111111111111111111111111111
1111                      1111
1111 11 1  1 111 11 1   1 1111
1111    1  1     1  11 11 1111
142  11 1 11 111 11 1   1  571
1111    1  1   1    1   1 1111
1111 11 1  1 111 11 1   1 1111
1111                      1111
111111111111111111111111111111
111111111111111111111111111111
111111111111111111111111111111
111111111111111111111111111111
111111111111111111111111111111
111111111111111111111111111111
111111111111111111111111111111
111111111111111111111111111111
